126.84 -67.749
138.77 -48.745
136.69 -67.092
106.32 -50.384
113.55 -87.164
123.9 -223.89
121.2 -234.28
150.33 -213.54
77.713 -444.07
69.062 -421.02
71.829 -434.03
66.014 -441.53
120.3 -37.919
127 -39.863
114.91 -29.336
107.26 -56.108
101.59 -77.051
99.785 -69.13
151.74 -23.314
136.95 -11.397
105.21 -279.08
121.1 -277.39
129.68 -296.38
97.123 -287.61
152.47 -267.62
168.67 -256.98
150.77 -274.18
149.77 -260.95
93.201 -114.91
121.05 -297.41
98.699 -307.27
105.6 -287.62
115.98 -293.04
110.3 -312.35
135.09 -285.76
127.17 -285.61
168.6 -106.4
182.41 -92.917
174.95 -190.98
151.78 -192.67
168.3 -384.51
151.88 -356.1
155.66 -382.51
119.3 -97.165
102.05 -46.485
115.34 -43.471
111.26 -47.629
45.125 -322.61
39.733 -352.59
138.77 -301.75
116.36 -281.3
128.9 -307.48
156.25 -323.22
151.39 -310.15
145.34 -316.42
134.68 -199.01
141.28 -211.53
136.3 -57.613
155.2 -41.3
173.83 -62.96
79.534 -34.706
150.92 -233.01
140.37 -231.13
138.23 -224.81
170.46 -232.21
117.69 -168.81
60.528 -389.19
66.617 -404.43
58.09 -409.53
50.511 -435.33
42.767 -415.31
41.953 -427.03
50.575 -417.85
54.384 -365.8
57.44 -418
117.63 -312.05
80.294 -344.03
89.898 -351.43
84.733 -325.62
73.924 -402.32
68.006 -392.62
227.45 -398.11
234.03 -403.83
234.7 -411.13
221.04 -383
229.94 -378.05
238.57 -399.25
227.24 -383.81
221.33 -403.04
153.6 -48.749
173.14 -46.998
169.51 -38.569
83.329 -226.8
72.324 -226.94
102.67 -240.86
74.061 -234.91
87.477 -221.13
76.475 -219.09
82.626 -235.22
124.96 -218.17
113.55 -196.13
108 -185.98
110.57 -205.14
193.11 -297
187.92 -304.61
204.47 -330.5
201.72 -298.58
198.4 -277.25
107.29 -304.51
127.39 -194.67
121.78 -189.31
122.44 -79.735
139.12 -82.034
130.42 -80.535
110.13 -89.004
132.01 -347.39
126.14 -338.58
19.427 -471.29
37.31 -461.03
29.548 -479.89
75.823 -383.32
79.672 -372.31
61.576 -378.28
184.56 -264.09
190.83 -257.6
118.86 -18.564
121.02 -24.627
121.74 -11.347
101.97 -10.173
169.64 -56.049
154.43 -60.879
179.64 -49.554
176.51 -38.401
164.19 -47.041
147.45 -91.341
157.9 -90.502
174.59 -210.29
190.64 -199.25
46.397 -363.9
62.903 -330.4
55.168 -236.11
181.9 -173.04
171.05 -164.81
174.17 -177.56
158.73 -187.91
137.85 -32.489
145.08 -15.07
152.87 -9.0095
90.716 -420.11
79.913 -417.73
92.08 -433.24
87.377 -20.368
88.157 -57.019
94.624 -39.674
203.22 -267.78
202.33 -249.08
215.79 -246.3
214.63 -284.45
90.852 -160.39
133.88 -262.8
148.39 -248.91
139.26 -250.94
132.82 -243.66
75.338 -39.836
76.678 -54.206
71.124 -47.288
102.07 -323.18
108.5 -331.19
102.55 -338.56
128.03 -327.73
78.867 -74.019
97.426 -85.478
150.78 -166.19
158.17 -168.1
155.87 -177.56
119.19 -48.747
107.44 -40.105
93.602 -229.82
101.34 -228.98
106.63 -223.29
16.86 -340.16
25.267 -340.5
31.708 -333.8
185.3 -356.63
203.99 -353.58
192.39 -362.31
177.44 -350.84
190.61 -36.778
147.9 -133.08
106.02 -248.68
113.01 -232.94
95.791 -250.51
92.815 -243.77
142.81 -198.16
132.41 -206.55
156.79 -199.92
199.18 -257.77
165.11 -268.39
79.508 -92.967
68.504 -91.329
85.27 -96.93
87.508 -90.899
73.962 -110.08
91.902 -104.07
94.283 -333.08
47.923 -346.06
30.165 -355.78
168.59 -9.6979
11.231 -489.52
46.606 -492.28
54.186 -500.44
63.647 -501.86
58.044 -490.25
49.344 -474.18
44.752 -502.01
86.097 -271.97
89.213 -265.55
97.635 -264.35
132.25 -277.37
110.93 -296.1
100.1 -297.17
85.581 -504.12
73.006 -517.96
82.82 -514.83
75.704 -501.01
44.194 -335.77
147.49 -291.58
155.6 -299.9
72.245 -314.06
63.621 -348.37
130.89 -176.54
119.66 -243.64
112.37 -242.67
165.38 -226.27
119.83 -132.42
120.72 -142.39
133.51 -139.51
127.55 -137.42
134.5 -158.28
128.14 -162.62
174.45 -369.92
166.68 -366.49
166.11 -375.35
178.7 -377.36
102.25 -123.71
114.05 -150.39
101.83 -139.34
74.941 -363.97
92.054 -68.596
112.68 -68.791
171.79 -264.64
55.655 -86.469
57.956 -101.44
101.27 -104.26
220.16 -258.45
215.88 -267.25
118.18 -155.97
89.431 -79.011
139.24 -60.959
220.14 -367
77.729 -62.724
246.58 -393.87
241.96 -386.06
185.17 -231.64
178.07 -240.22
137.26 -324.17
138.51 -333.72
105.81 -267.02
111.75 -398.61
97.982 -405.15
92.571 -394.04
110.18 -385.89
158.72 -282.12
103.67 -27.632
140.22 -383.43
149.38 -375.5
149.82 -389.79
104.9 -2.0535
124.3 -3.0702
84.45 -183.98
65.77 -189.49
142.77 -182.26
207.24 -316.42
222.06 -304.59
47.66 -401.32
75.755 -252.93
81.392 -297.57
87.644 -305.43
118.06 -349.4
109.09 -350.38
117.27 -329.93
105.34 -363.67
101.73 -416.23
86.362 -401.7
175.53 -273.81
167.9 -282.58
155.77 -223.97
99.171 -96.97
166.91 -241.99
161.53 -249.03
173.85 -248.82
184.6 -244.95
42.081 -452.37
185.54 -71.942
175.82 -82.366
173.81 -293.32
93.975 -281.84
117.06 -259.44
188.69 -343.14
196.92 -348.64
97.331 -193.59
117.62 -59.23
106.42 -67.806
117.84 -65.733
190.58 -283.12
186.28 -276.24
179.7 -283.23
133.9 -366.78
142.96 -363.98
125.87 -366.92
137.97 -355.52
118.89 -266.77
88.647 -41.389
91.563 -50.207
71.432 -77.941
139.72 -174.77
132.85 -22.244
31.284 -435.26
26.241 -442.51
109.86 -20.413
131.25 36.874
147.57 26.571
142.46 39.453
125.27 16.729
137.86 28.323
131.21 -316.37
123.32 -258.27
85.162 -207.27
94.91 -210.42
142.63 5.6583
136.85 10.34
163.52 -213.86
167.71 -204.88
121.8 -209.75
185.51 -219.19
196.31 -228.66
111.6 -105.11
43.963 -465.43
55.373 -465.4
57.085 -458.22
50.122 -455.48
147.43 -71.465
155.86 -70.991
155.59 -78.42
161.81 -76.106
147.29 -79.884
198.89 -63.577
194.28 -57.092
195.15 -73.191
99.564 -172.99
91.04 -177.05
103.38 -215.66
39.831 -383.69
146.51 -337.39
114.6 -81.361
110.23 8.1633
117.22 0.68065
122.41 7.7251
74.769 -278.63
77.171 -288.6
96.904 -32.24
215.63 -312.16
122.51 -58.128
97.548 -59.333
11.017 -359.11
22.947 -372.41
10.956 -371.26
45.358 -443
30.698 -451.69
